hello world !!!!


---------------------------------
stack a has 60 numbers.
---------------------------------



---------------------------------
msg from divide_a_to_b:


a: 2  1  5  12  11  13  4  19  10  24  28  7  18  15  9  6  17  16  8  3  38  55  54  53  52  37  51  36  27  50  35  49  20  32  33  34  43  48  44  46  47  45  22  31  56  57  58  59  60  25  40  41  42  30  39  23  29  26  21  14  

b: 


Division is based on median value 30

pb
pb
pb
pb
pb
pb
pb
pb
pb
pb
pb
pb
pb
pb
pb
pb
pb
pb
pb
pb
ra
ra
ra
ra
ra
ra
ra
ra
pb
ra
ra
ra
pb
ra
ra
ra
ra
ra
ra
ra
ra
ra
pb
ra
ra
ra
ra
ra
ra
pb
ra
ra
ra
pb
ra
pb
pb
pb
pb
pb

a: 38  55  54  53  52  37  51  36  50  35  49  32  33  34  43  48  44  46  47  45  31  56  57  58  59  60  40  41  42  39  

b: 14  21  26  29  23  30  25  22  20  27  3  8  16  17  6  9  15  18  7  28  24  10  19  4  13  11  12  5  1  2  



!!!! lvl_b array is: 30  0  

sucessfully sent 30 numbers to stack b
---------------------------------



---------------------------------
msg from divide_a_to_b:


a: 38  55  54  53  52  37  51  36  50  35  49  32  33  34  43  48  44  46  47  45  31  56  57  58  59  60  40  41  42  39  

b: 14  21  26  29  23  30  25  22  20  27  3  8  16  17  6  9  15  18  7  28  24  10  19  4  13  11  12  5  1  2  


Division is based on median value 45

pb
ra
ra
ra
ra
pb
ra
pb
ra
pb
ra
pb
pb
pb
pb
ra
pb
ra
ra
pb
pb
ra
ra
ra
ra
ra
pb
pb
pb
pb

a: 55  54  53  52  51  50  49  48  46  47  56  57  58  59  60  

b: 39  42  41  40  31  45  44  43  34  33  32  35  36  37  38  14  21  26  29  23  30  25  22  20  27  3  8  16  17  6  9  15  18  7  28  24  10  19  4  13  11  12  5  1  2  



!!!! lvl_b array is: 15  30  0  

sucessfully sent 15 numbers to stack b
---------------------------------



---------------------------------
msg from divide_a_to_b:


a: 55  54  53  52  51  50  49  48  46  47  56  57  58  59  60  

b: 39  42  41  40  31  45  44  43  34  33  32  35  36  37  38  14  21  26  29  23  30  25  22  20  27  3  8  16  17  6  9  15  18  7  28  24  10  19  4  13  11  12  5  1  2  


Division is based on median value 53

ra
ra
ra
pb
pb
pb
pb
pb
pb
pb

a: 56  57  58  59  60  55  54  53  

b: 47  46  48  49  50  51  52  39  42  41  40  31  45  44  43  34  33  32  35  36  37  38  14  21  26  29  23  30  25  22  20  27  3  8  16  17  6  9  15  18  7  28  24  10  19  4  13  11  12  5  1  2  



!!!! lvl_b array is: 7  15  30  0  

sucessfully sent 7 numbers to stack b
---------------------------------



---------------------------------
msg from divide_a_to_b:


a: 56  57  58  59  60  55  54  53  

b: 47  46  48  49  50  51  52  39  42  41  40  31  45  44  43  34  33  32  35  36  37  38  14  21  26  29  23  30  25  22  20  27  3  8  16  17  6  9  15  18  7  28  24  10  19  4  13  11  12  5  1  2  


Division is based on median value 56

pb
ra
ra
ra
ra
pb
pb
pb

a: 57  58  59  60  

b: 53  54  55  56  47  46  48  49  50  51  52  39  42  41  40  31  45  44  43  34  33  32  35  36  37  38  14  21  26  29  23  30  25  22  20  27  3  8  16  17  6  9  15  18  7  28  24  10  19  4  13  11  12  5  1  2  



!!!! lvl_b array is: 4  7  15  30  0  

sucessfully sent 4 numbers to stack b
---------------------------------



---------------------------------
msg from divide_a_to_b:


a: 57  58  59  60  

b: 53  54  55  56  47  46  48  49  50  51  52  39  42  41  40  31  45  44  43  34  33  32  35  36  37  38  14  21  26  29  23  30  25  22  20  27  3  8  16  17  6  9  15  18  7  28  24  10  19  4  13  11  12  5  1  2  


Division is based on median value 58

pb
pb

a: 59  60  

b: 58  57  53  54  55  56  47  46  48  49  50  51  52  39  42  41  40  31  45  44  43  34  33  32  35  36  37  38  14  21  26  29  23  30  25  22  20  27  3  8  16  17  6  9  15  18  7  28  24  10  19  4  13  11  12  5  1  2  



!!!! lvl_b array is: 2  4  7  15  30  0  

sucessfully sent 2 numbers to stack b
---------------------------------



 ********* loop through a chuck 2 numbers!! **********

pa
pa

a: 57  58  59  60  

b: 53  54  55  56  47  46  48  49  50  51  52  39  42  41  40  31  45  44  43  34  33  32  35  36  37  38  14  21  26  29  23  30  25  22  20  27  3  8  16  17  6  9  15  18  7  28  24  10  19  4  13  11  12  5  1  2  



 ********* finishing up loop **********



 ********* loop through a chuck 4 numbers!! **********



---------------------------------
msg from divide_b_to_a:
a: 57  58  59  60  

b: 53  54  55  56  47  46  48  49  50  51  52  39  42  41  40  31  45  44  43  34  33  32  35  36  37  38  14  21  26  29  23  30  25  22  20  27  3  8  16  17  6  9  15  18  7  28  24  10  19  4  13  11  12  5  1  2  


Division is based on median value 54

rb
rb
pa
pa
rrb
rrb

a: 56  55  57  58  59  60  

b: 53  54  47  46  48  49  50  51  52  39  42  41  40  31  45  44  43  34  33  32  35  36  37  38  14  21  26  29  23  30  25  22  20  27  3  8  16  17  6  9  15  18  7  28  24  10  19  4  13  11  12  5  1  2  


sucessfully sent 2 numbers back to stack a
---------------------------------

sa

a: 55  56  57  58  59  60  

b: 53  54  47  46  48  49  50  51  52  39  42  41  40  31  45  44  43  34  33  32  35  36  37  38  14  21  26  29  23  30  25  22  20  27  3  8  16  17  6  9  15  18  7  28  24  10  19  4  13  11  12  5  1  2  



 ********* finishing up loop **********



 ********* loop through a chuck 2 numbers!! **********

sb
pa
pa

a: 53  54  55  56  57  58  59  60  

b: 47  46  48  49  50  51  52  39  42  41  40  31  45  44  43  34  33  32  35  36  37  38  14  21  26  29  23  30  25  22  20  27  3  8  16  17  6  9  15  18  7  28  24  10  19  4  13  11  12  5  1  2  



 ********* finishing up loop **********



 ********* loop through a chuck 7 numbers!! **********



---------------------------------
msg from divide_b_to_a:
a: 53  54  55  56  57  58  59  60  

b: 47  46  48  49  50  51  52  39  42  41  40  31  45  44  43  34  33  32  35  36  37  38  14  21  26  29  23  30  25  22  20  27  3  8  16  17  6  9  15  18  7  28  24  10  19  4  13  11  12  5  1  2  


Division is based on median value 49

rb
rb
rb
rb
pa
pa
pa
rrb
rrb
rrb
rrb

a: 52  51  50  53  54  55  56  57  58  59  60  

b: 47  46  48  49  39  42  41  40  31  45  44  43  34  33  32  35  36  37  38  14  21  26  29  23  30  25  22  20  27  3  8  16  17  6  9  15  18  7  28  24  10  19  4  13  11  12  5  1  2  


sucessfully sent 3 numbers back to stack a
---------------------------------

sa
ra
sa
rra
sa

a: 50  51  52  53  54  55  56  57  58  59  60  

b: 47  46  48  49  39  42  41  40  31  45  44  43  34  33  32  35  36  37  38  14  21  26  29  23  30  25  22  20  27  3  8  16  17  6  9  15  18  7  28  24  10  19  4  13  11  12  5  1  2  



 ********* finishing up loop **********



 ********* loop through a chuck 4 numbers!! **********



---------------------------------
msg from divide_b_to_a:
a: 50  51  52  53  54  55  56  57  58  59  60  

b: 47  46  48  49  39  42  41  40  31  45  44  43  34  33  32  35  36  37  38  14  21  26  29  23  30  25  22  20  27  3  8  16  17  6  9  15  18  7  28  24  10  19  4  13  11  12  5  1  2  


Division is based on median value 47

rb
rb
pa
pa
rrb
rrb

a: 49  48  50  51  52  53  54  55  56  57  58  59  60  

b: 47  46  39  42  41  40  31  45  44  43  34  33  32  35  36  37  38  14  21  26  29  23  30  25  22  20  27  3  8  16  17  6  9  15  18  7  28  24  10  19  4  13  11  12  5  1  2  


sucessfully sent 2 numbers back to stack a
---------------------------------

sa

a: 48  49  50  51  52  53  54  55  56  57  58  59  60  

b: 47  46  39  42  41  40  31  45  44  43  34  33  32  35  36  37  38  14  21  26  29  23  30  25  22  20  27  3  8  16  17  6  9  15  18  7  28  24  10  19  4  13  11  12  5  1  2  



 ********* finishing up loop **********



 ********* loop through a chuck 2 numbers!! **********

pa
pa

a: 46  47  48  49  50  51  52  53  54  55  56  57  58  59  60  

b: 39  42  41  40  31  45  44  43  34  33  32  35  36  37  38  14  21  26  29  23  30  25  22  20  27  3  8  16  17  6  9  15  18  7  28  24  10  19  4  13  11  12  5  1  2  



 ********* finishing up loop **********



 ********* loop through a chuck 15 numbers!! **********



---------------------------------
msg from divide_b_to_a:
a: 46  47  48  49  50  51  52  53  54  55  56  57  58  59  60  

b: 39  42  41  40  31  45  44  43  34  33  32  35  36  37  38  14  21  26  29  23  30  25  22  20  27  3  8  16  17  6  9  15  18  7  28  24  10  19  4  13  11  12  5  1  2  


Division is based on median value 38

pa
pa
pa
pa
rb
pa
pa
pa
rrb

a: 43  44  45  40  41  42  39  46  47  48  49  50  51  52  53  54  55  56  57  58  59  60  

b: 31  34  33  32  35  36  37  38  14  21  26  29  23  30  25  22  20  27  3  8  16  17  6  9  15  18  7  28  24  10  19  4  13  11  12  5  1  2  


sucessfully sent 7 numbers back to stack a
---------------------------------



---------------------------------
msg from divide_a_to_b:


a: 43  44  45  40  41  42  39  46  47  48  49  50  51  52  53  54  55  56  57  58  59  60  

b: 31  34  33  32  35  36  37  38  14  21  26  29  23  30  25  22  20  27  3  8  16  17  6  9  15  18  7  28  24  10  19  4  13  11  12  5  1  2  


Division is based on median value 42

ra
ra
ra
pb
pb
ra
pb
rra
rra
rra
rra

a: 43  44  45  42  46  47  48  49  50  51  52  53  54  55  56  57  58  59  60  

b: 39  41  40  31  34  33  32  35  36  37  38  14  21  26  29  23  30  25  22  20  27  3  8  16  17  6  9  15  18  7  28  24  10  19  4  13  11  12  5  1  2  


len is 3
ps->len_b - b_init_size is 3


!!!! lvl_b array is: 3  8  30  0  

sucessfully sent 3 numbers to stack b
---------------------------------

!!!------***** 3 


---------------------------------
msg from divide_a_to_b:


a: 43  44  45  42  46  47  48  49  50  51  52  53  54  55  56  57  58  59  60  

b: 39  41  40  31  34  33  32  35  36  37  38  14  21  26  29  23  30  25  22  20  27  3  8  16  17  6  9  15  18  7  28  24  10  19  4  13  11  12  5  1  2  


Division is based on median value 43

my range is 4 and module is 0
pb
ra
ra
pb
rra
rra

a: 44  45  46  47  48  49  50  51  52  53  54  55  56  57  58  59  60  

b: 42  43  39  41  40  31  34  33  32  35  36  37  38  14  21  26  29  23  30  25  22  20  27  3  8  16  17  6  9  15  18  7  28  24  10  19  4  13  11  12  5  1  2  


len is 4
ps->len_b - b_init_size is 2


!!!! lvl_b array is: 2  3  8  30  0  

sucessfully sent 2 numbers to stack b
---------------------------------

!!!------***** 2 

a: 44  45  46  47  48  49  50  51  52  53  54  55  56  57  58  59  60  

b: 42  43  39  41  40  31  34  33  32  35  36  37  38  14  21  26  29  23  30  25  22  20  27  3  8  16  17  6  9  15  18  7  28  24  10  19  4  13  11  12  5  1  2  



 ********* finishing up loop **********



 ********* loop through a chuck 2 numbers!! **********

sb
pa
pa

a: 42  43  44  45  46  47  48  49  50  51  52  53  54  55  56  57  58  59  60  

b: 39  41  40  31  34  33  32  35  36  37  38  14  21  26  29  23  30  25  22  20  27  3  8  16  17  6  9  15  18  7  28  24  10  19  4  13  11  12  5  1  2  



 ********* finishing up loop **********



 ********* loop through a chuck 3 numbers!! **********

sb
pa
sb
pa
pa

a: 39  40  41  42  43  44  45  46  47  48  49  50  51  52  53  54  55  56  57  58  59  60  

b: 31  34  33  32  35  36  37  38  14  21  26  29  23  30  25  22  20  27  3  8  16  17  6  9  15  18  7  28  24  10  19  4  13  11  12  5  1  2  



 ********* finishing up loop **********



 ********* loop through a chuck 8 numbers!! **********



---------------------------------
msg from divide_b_to_a:
a: 39  40  41  42  43  44  45  46  47  48  49  50  51  52  53  54  55  56  57  58  59  60  

b: 31  34  33  32  35  36  37  38  14  21  26  29  23  30  25  22  20  27  3  8  16  17  6  9  15  18  7  28  24  10  19  4  13  11  12  5  1  2  


Division is based on median value 34

rb
rb
rb
rb
pa
pa
pa
pa
rrb
rrb
rrb
rrb

a: 38  37  36  35  39  40  41  42  43  44  45  46  47  48  49  50  51  52  53  54  55  56  57  58  59  60  

b: 31  34  33  32  14  21  26  29  23  30  25  22  20  27  3  8  16  17  6  9  15  18  7  28  24  10  19  4  13  11  12  5  1  2  


sucessfully sent 4 numbers back to stack a
---------------------------------



---------------------------------
msg from divide_a_to_b:


a: 38  37  36  35  39  40  41  42  43  44  45  46  47  48  49  50  51  52  53  54  55  56  57  58  59  60  

b: 31  34  33  32  14  21  26  29  23  30  25  22  20  27  3  8  16  17  6  9  15  18  7  28  24  10  19  4  13  11  12  5  1  2  


Division is based on median value 36

ra
ra
my range is 4 and module is 0
pb
pb
rra
rra

a: 38  37  39  40  41  42  43  44  45  46  47  48  49  50  51  52  53  54  55  56  57  58  59  60  

b: 35  36  31  34  33  32  14  21  26  29  23  30  25  22  20  27  3  8  16  17  6  9  15  18  7  28  24  10  19  4  13  11  12  5  1  2  


len is 3
ps->len_b - b_init_size is 2


!!!! lvl_b array is: 2  4  30  0  

sucessfully sent 2 numbers to stack b
---------------------------------

!!!------***** 2 
sa

a: 37  38  39  40  41  42  43  44  45  46  47  48  49  50  51  52  53  54  55  56  57  58  59  60  

b: 35  36  31  34  33  32  14  21  26  29  23  30  25  22  20  27  3  8  16  17  6  9  15  18  7  28  24  10  19  4  13  11  12  5  1  2  



 ********* finishing up loop **********



 ********* loop through a chuck 2 numbers!! **********

sb
pa
pa

a: 35  36  37  38  39  40  41  42  43  44  45  46  47  48  49  50  51  52  53  54  55  56  57  58  59  60  

b: 31  34  33  32  14  21  26  29  23  30  25  22  20  27  3  8  16  17  6  9  15  18  7  28  24  10  19  4  13  11  12  5  1  2  



 ********* finishing up loop **********



 ********* loop through a chuck 4 numbers!! **********



---------------------------------
msg from divide_b_to_a:
a: 35  36  37  38  39  40  41  42  43  44  45  46  47  48  49  50  51  52  53  54  55  56  57  58  59  60  

b: 31  34  33  32  14  21  26  29  23  30  25  22  20  27  3  8  16  17  6  9  15  18  7  28  24  10  19  4  13  11  12  5  1  2  


Division is based on median value 32

rb
pa
pa
rrb

a: 33  34  35  36  37  38  39  40  41  42  43  44  45  46  47  48  49  50  51  52  53  54  55  56  57  58  59  60  

b: 31  32  14  21  26  29  23  30  25  22  20  27  3  8  16  17  6  9  15  18  7  28  24  10  19  4  13  11  12  5  1  2  


sucessfully sent 2 numbers back to stack a
---------------------------------


a: 33  34  35  36  37  38  39  40  41  42  43  44  45  46  47  48  49  50  51  52  53  54  55  56  57  58  59  60  

b: 31  32  14  21  26  29  23  30  25  22  20  27  3  8  16  17  6  9  15  18  7  28  24  10  19  4  13  11  12  5  1  2  



 ********* finishing up loop **********



 ********* loop through a chuck 2 numbers!! **********

sb
pa
pa

a: 31  32  33  34  35  36  37  38  39  40  41  42  43  44  45  46  47  48  49  50  51  52  53  54  55  56  57  58  59  60  

b: 14  21  26  29  23  30  25  22  20  27  3  8  16  17  6  9  15  18  7  28  24  10  19  4  13  11  12  5  1  2  



 ********* finishing up loop **********



 ********* loop through a chuck 30 numbers!! **********



---------------------------------
msg from divide_b_to_a:
a: 31  32  33  34  35  36  37  38  39  40  41  42  43  44  45  46  47  48  49  50  51  52  53  54  55  56  57  58  59  60  

b: 14  21  26  29  23  30  25  22  20  27  3  8  16  17  6  9  15  18  7  28  24  10  19  4  13  11  12  5  1  2  


Division is based on median value 15

rb
pa
pa
pa
pa
pa
pa
pa
pa
pa
rb
rb
pa
pa
rb
rb
rb
pa
rb
pa
pa
rb
pa
rrb
rrb
rrb
rrb
rrb
rrb
rrb
rrb

a: 19  24  28  18  17  16  27  20  22  25  30  23  29  26  21  31  32  33  34  35  36  37  38  39  40  41  42  43  44  45  46  47  48  49  50  51  52  53  54  55  56  57  58  59  60  

b: 14  3  8  6  9  15  7  10  4  13  11  12  5  1  2  


sucessfully sent 15 numbers back to stack a
---------------------------------



---------------------------------
msg from divide_a_to_b:


a: 19  24  28  18  17  16  27  20  22  25  30  23  29  26  21  31  32  33  34  35  36  37  38  39  40  41  42  43  44  45  46  47  48  49  50  51  52  53  54  55  56  57  58  59  60  

b: 14  3  8  6  9  15  7  10  4  13  11  12  5  1  2  


Division is based on median value 23

pb
ra
ra
pb
pb
pb
ra
pb
pb
ra
ra
ra
ra
ra
pb
rra
rra
rra
rra
rra
rra
rra
rra

a: 24  28  27  25  30  23  29  26  31  32  33  34  35  36  37  38  39  40  41  42  43  44  45  46  47  48  49  50  51  52  53  54  55  56  57  58  59  60  

b: 21  22  20  16  17  18  19  14  3  8  6  9  15  7  10  4  13  11  12  5  1  2  


len is 2
ps->len_b - b_init_size is 7


!!!! lvl_b array is: 7  15  0  

sucessfully sent 7 numbers to stack b
---------------------------------

!!!------***** 7 


---------------------------------
msg from divide_a_to_b:


a: 24  28  27  25  30  23  29  26  31  32  33  34  35  36  37  38  39  40  41  42  43  44  45  46  47  48  49  50  51  52  53  54  55  56  57  58  59  60  

b: 21  22  20  16  17  18  19  14  3  8  6  9  15  7  10  4  13  11  12  5  1  2  


Division is based on median value 26

pb
ra
ra
pb
ra
pb
ra
my range is 8 and module is 0
pb
rra
rra
rra
rra

a: 28  27  30  29  31  32  33  34  35  36  37  38  39  40  41  42  43  44  45  46  47  48  49  50  51  52  53  54  55  56  57  58  59  60  

b: 26  23  25  24  21  22  20  16  17  18  19  14  3  8  6  9  15  7  10  4  13  11  12  5  1  2  


len is 3
ps->len_b - b_init_size is 4


!!!! lvl_b array is: 4  7  15  0  

sucessfully sent 4 numbers to stack b
---------------------------------

!!!------***** 4 


---------------------------------
msg from divide_a_to_b:


a: 28  27  30  29  31  32  33  34  35  36  37  38  39  40  41  42  43  44  45  46  47  48  49  50  51  52  53  54  55  56  57  58  59  60  

b: 26  23  25  24  21  22  20  16  17  18  19  14  3  8  6  9  15  7  10  4  13  11  12  5  1  2  


Division is based on median value 28

my range is 4 and module is 0
pb
pb

a: 30  29  31  32  33  34  35  36  37  38  39  40  41  42  43  44  45  46  47  48  49  50  51  52  53  54  55  56  57  58  59  60  

b: 27  28  26  23  25  24  21  22  20  16  17  18  19  14  3  8  6  9  15  7  10  4  13  11  12  5  1  2  


len is 4
ps->len_b - b_init_size is 2


!!!! lvl_b array is: 2  4  7  15  0  

sucessfully sent 2 numbers to stack b
---------------------------------

!!!------***** 2 
sa

a: 29  30  31  32  33  34  35  36  37  38  39  40  41  42  43  44  45  46  47  48  49  50  51  52  53  54  55  56  57  58  59  60  

b: 27  28  26  23  25  24  21  22  20  16  17  18  19  14  3  8  6  9  15  7  10  4  13  11  12  5  1  2  



 ********* finishing up loop **********



 ********* loop through a chuck 2 numbers!! **********

sb
pa
pa

a: 27  28  29  30  31  32  33  34  35  36  37  38  39  40  41  42  43  44  45  46  47  48  49  50  51  52  53  54  55  56  57  58  59  60  

b: 26  23  25  24  21  22  20  16  17  18  19  14  3  8  6  9  15  7  10  4  13  11  12  5  1  2  



 ********* finishing up loop **********



 ********* loop through a chuck 4 numbers!! **********



---------------------------------
msg from divide_b_to_a:
a: 27  28  29  30  31  32  33  34  35  36  37  38  39  40  41  42  43  44  45  46  47  48  49  50  51  52  53  54  55  56  57  58  59  60  

b: 26  23  25  24  21  22  20  16  17  18  19  14  3  8  6  9  15  7  10  4  13  11  12  5  1  2  


Division is based on median value 24

pa
rb
pa
rrb

a: 25  26  27  28  29  30  31  32  33  34  35  36  37  38  39  40  41  42  43  44  45  46  47  48  49  50  51  52  53  54  55  56  57  58  59  60  

b: 23  24  21  22  20  16  17  18  19  14  3  8  6  9  15  7  10  4  13  11  12  5  1  2  


sucessfully sent 2 numbers back to stack a
---------------------------------


a: 25  26  27  28  29  30  31  32  33  34  35  36  37  38  39  40  41  42  43  44  45  46  47  48  49  50  51  52  53  54  55  56  57  58  59  60  

b: 23  24  21  22  20  16  17  18  19  14  3  8  6  9  15  7  10  4  13  11  12  5  1  2  



 ********* finishing up loop **********



 ********* loop through a chuck 2 numbers!! **********

sb
pa
pa

a: 23  24  25  26  27  28  29  30  31  32  33  34  35  36  37  38  39  40  41  42  43  44  45  46  47  48  49  50  51  52  53  54  55  56  57  58  59  60  

b: 21  22  20  16  17  18  19  14  3  8  6  9  15  7  10  4  13  11  12  5  1  2  



 ********* finishing up loop **********



 ********* loop through a chuck 7 numbers!! **********



---------------------------------
msg from divide_b_to_a:
a: 23  24  25  26  27  28  29  30  31  32  33  34  35  36  37  38  39  40  41  42  43  44  45  46  47  48  49  50  51  52  53  54  55  56  57  58  59  60  

b: 21  22  20  16  17  18  19  14  3  8  6  9  15  7  10  4  13  11  12  5  1  2  


Division is based on median value 19

pa
pa
pa

a: 20  22  21  23  24  25  26  27  28  29  30  31  32  33  34  35  36  37  38  39  40  41  42  43  44  45  46  47  48  49  50  51  52  53  54  55  56  57  58  59  60  

b: 16  17  18  19  14  3  8  6  9  15  7  10  4  13  11  12  5  1  2  


sucessfully sent 3 numbers back to stack a
---------------------------------

ra
sa
rra

a: 20  21  22  23  24  25  26  27  28  29  30  31  32  33  34  35  36  37  38  39  40  41  42  43  44  45  46  47  48  49  50  51  52  53  54  55  56  57  58  59  60  

b: 16  17  18  19  14  3  8  6  9  15  7  10  4  13  11  12  5  1  2  



 ********* finishing up loop **********



 ********* loop through a chuck 4 numbers!! **********



---------------------------------
msg from divide_b_to_a:
a: 20  21  22  23  24  25  26  27  28  29  30  31  32  33  34  35  36  37  38  39  40  41  42  43  44  45  46  47  48  49  50  51  52  53  54  55  56  57  58  59  60  

b: 16  17  18  19  14  3  8  6  9  15  7  10  4  13  11  12  5  1  2  


Division is based on median value 17

rb
rb
pa
pa
rrb
rrb

a: 19  18  20  21  22  23  24  25  26  27  28  29  30  31  32  33  34  35  36  37  38  39  40  41  42  43  44  45  46  47  48  49  50  51  52  53  54  55  56  57  58  59  60  

b: 16  17  14  3  8  6  9  15  7  10  4  13  11  12  5  1  2  


sucessfully sent 2 numbers back to stack a
---------------------------------

sa

a: 18  19  20  21  22  23  24  25  26  27  28  29  30  31  32  33  34  35  36  37  38  39  40  41  42  43  44  45  46  47  48  49  50  51  52  53  54  55  56  57  58  59  60  

b: 16  17  14  3  8  6  9  15  7  10  4  13  11  12  5  1  2  



 ********* finishing up loop **********



 ********* loop through a chuck 2 numbers!! **********

sb
pa
pa

a: 16  17  18  19  20  21  22  23  24  25  26  27  28  29  30  31  32  33  34  35  36  37  38  39  40  41  42  43  44  45  46  47  48  49  50  51  52  53  54  55  56  57  58  59  60  

b: 14  3  8  6  9  15  7  10  4  13  11  12  5  1  2  



 ********* finishing up loop **********



 ********* loop through a chuck 15 numbers!! **********



---------------------------------
msg from divide_b_to_a:
a: 16  17  18  19  20  21  22  23  24  25  26  27  28  29  30  31  32  33  34  35  36  37  38  39  40  41  42  43  44  45  46  47  48  49  50  51  52  53  54  55  56  57  58  59  60  

b: 14  3  8  6  9  15  7  10  4  13  11  12  5  1  2  


Division is based on median value 8

pa
rb
rb
rb
pa
pa
rb
pa
rb
pa
pa
pa
rrb
rrb
rrb
rrb
rrb

a: 12  11  13  10  15  9  14  16  17  18  19  20  21  22  23  24  25  26  27  28  29  30  31  32  33  34  35  36  37  38  39  40  41  42  43  44  45  46  47  48  49  50  51  52  53  54  55  56  57  58  59  60  

b: 3  8  6  7  4  5  1  2  


sucessfully sent 7 numbers back to stack a
---------------------------------



---------------------------------
msg from divide_a_to_b:


a: 12  11  13  10  15  9  14  16  17  18  19  20  21  22  23  24  25  26  27  28  29  30  31  32  33  34  35  36  37  38  39  40  41  42  43  44  45  46  47  48  49  50  51  52  53  54  55  56  57  58  59  60  

b: 3  8  6  7  4  5  1  2  


Division is based on median value 12

ra
pb
ra
pb
ra
pb
rra
rra
rra

a: 12  13  15  14  16  17  18  19  20  21  22  23  24  25  26  27  28  29  30  31  32  33  34  35  36  37  38  39  40  41  42  43  44  45  46  47  48  49  50  51  52  53  54  55  56  57  58  59  60  

b: 9  10  11  3  8  6  7  4  5  1  2  


len is 2
ps->len_b - b_init_size is 3


!!!! lvl_b array is: 3  8  0  

sucessfully sent 3 numbers to stack b
---------------------------------

!!!------***** 3 


---------------------------------
msg from divide_a_to_b:


a: 12  13  15  14  16  17  18  19  20  21  22  23  24  25  26  27  28  29  30  31  32  33  34  35  36  37  38  39  40  41  42  43  44  45  46  47  48  49  50  51  52  53  54  55  56  57  58  59  60  

b: 9  10  11  3  8  6  7  4  5  1  2  


Division is based on median value 13

pb
my range is 4 and module is 0
pb

a: 15  14  16  17  18  19  20  21  22  23  24  25  26  27  28  29  30  31  32  33  34  35  36  37  38  39  40  41  42  43  44  45  46  47  48  49  50  51  52  53  54  55  56  57  58  59  60  

b: 13  12  9  10  11  3  8  6  7  4  5  1  2  


len is 3
ps->len_b - b_init_size is 2


!!!! lvl_b array is: 2  3  8  0  

sucessfully sent 2 numbers to stack b
---------------------------------

!!!------***** 2 
sa

a: 14  15  16  17  18  19  20  21  22  23  24  25  26  27  28  29  30  31  32  33  34  35  36  37  38  39  40  41  42  43  44  45  46  47  48  49  50  51  52  53  54  55  56  57  58  59  60  

b: 13  12  9  10  11  3  8  6  7  4  5  1  2  



 ********* finishing up loop **********



 ********* loop through a chuck 2 numbers!! **********

pa
pa

a: 12  13  14  15  16  17  18  19  20  21  22  23  24  25  26  27  28  29  30  31  32  33  34  35  36  37  38  39  40  41  42  43  44  45  46  47  48  49  50  51  52  53  54  55  56  57  58  59  60  

b: 9  10  11  3  8  6  7  4  5  1  2  



 ********* finishing up loop **********



 ********* loop through a chuck 3 numbers!! **********

sb
rb
rb
pa
rrb
rrb
pa
pa

a: 9  10  11  12  13  14  15  16  17  18  19  20  21  22  23  24  25  26  27  28  29  30  31  32  33  34  35  36  37  38  39  40  41  42  43  44  45  46  47  48  49  50  51  52  53  54  55  56  57  58  59  60  

b: 3  8  6  7  4  5  1  2  



 ********* finishing up loop **********



 ********* loop through a chuck 8 numbers!! **********



---------------------------------
msg from divide_b_to_a:
a: 9  10  11  12  13  14  15  16  17  18  19  20  21  22  23  24  25  26  27  28  29  30  31  32  33  34  35  36  37  38  39  40  41  42  43  44  45  46  47  48  49  50  51  52  53  54  55  56  57  58  59  60  

b: 3  8  6  7  4  5  1  2  


Division is based on median value 4

rb
pa
pa
pa
rb
pa
rrb
rrb

a: 5  7  6  8  9  10  11  12  13  14  15  16  17  18  19  20  21  22  23  24  25  26  27  28  29  30  31  32  33  34  35  36  37  38  39  40  41  42  43  44  45  46  47  48  49  50  51  52  53  54  55  56  57  58  59  60  

b: 3  4  1  2  


sucessfully sent 4 numbers back to stack a
---------------------------------



---------------------------------
msg from divide_a_to_b:


a: 5  7  6  8  9  10  11  12  13  14  15  16  17  18  19  20  21  22  23  24  25  26  27  28  29  30  31  32  33  34  35  36  37  38  39  40  41  42  43  44  45  46  47  48  49  50  51  52  53  54  55  56  57  58  59  60  

b: 3  4  1  2  


Division is based on median value 6

pb
ra
my range is 4 and module is 0
pb
rra

a: 7  8  9  10  11  12  13  14  15  16  17  18  19  20  21  22  23  24  25  26  27  28  29  30  31  32  33  34  35  36  37  38  39  40  41  42  43  44  45  46  47  48  49  50  51  52  53  54  55  56  57  58  59  60  

b: 6  5  3  4  1  2  


len is 2
ps->len_b - b_init_size is 2


!!!! lvl_b array is: 2  4  0  

sucessfully sent 2 numbers to stack b
---------------------------------

!!!------***** 2 

a: 7  8  9  10  11  12  13  14  15  16  17  18  19  20  21  22  23  24  25  26  27  28  29  30  31  32  33  34  35  36  37  38  39  40  41  42  43  44  45  46  47  48  49  50  51  52  53  54  55  56  57  58  59  60  

b: 6  5  3  4  1  2  



 ********* finishing up loop **********



 ********* loop through a chuck 2 numbers!! **********

pa
pa

a: 5  6  7  8  9  10  11  12  13  14  15  16  17  18  19  20  21  22  23  24  25  26  27  28  29  30  31  32  33  34  35  36  37  38  39  40  41  42  43  44  45  46  47  48  49  50  51  52  53  54  55  56  57  58  59  60  

b: 3  4  1  2  



 ********* finishing up loop **********



 ********* loop through a chuck 4 numbers!! **********



---------------------------------
msg from divide_b_to_a:
a: 5  6  7  8  9  10  11  12  13  14  15  16  17  18  19  20  21  22  23  24  25  26  27  28  29  30  31  32  33  34  35  36  37  38  39  40  41  42  43  44  45  46  47  48  49  50  51  52  53  54  55  56  57  58  59  60  

b: 3  4  1  2  


Division is based on median value 2

pa
pa

a: 4  3  5  6  7  8  9  10  11  12  13  14  15  16  17  18  19  20  21  22  23  24  25  26  27  28  29  30  31  32  33  34  35  36  37  38  39  40  41  42  43  44  45  46  47  48  49  50  51  52  53  54  55  56  57  58  59  60  

b: 1  2  


sucessfully sent 2 numbers back to stack a
---------------------------------

sa

a: 3  4  5  6  7  8  9  10  11  12  13  14  15  16  17  18  19  20  21  22  23  24  25  26  27  28  29  30  31  32  33  34  35  36  37  38  39  40  41  42  43  44  45  46  47  48  49  50  51  52  53  54  55  56  57  58  59  60  

b: 1  2  



 ********* finishing up loop **********



 ********* loop through a chuck 2 numbers!! **********

sb
pa
pa

a: 1  2  3  4  5  6  7  8  9  10  11  12  13  14  15  16  17  18  19  20  21  22  23  24  25  26  27  28  29  30  31  32  33  34  35  36  37  38  39  40  41  42  43  44  45  46  47  48  49  50  51  52  53  54  55  56  57  58  59  60  

b: 



 ********* finishing up loop **********



main function - after sorting: 
a: 1  2  3  4  5  6  7  8  9  10  11  12  13  14  15  16  17  18  19  20  21  22  23  24  25  26  27  28  29  30  31  32  33  34  35  36  37  38  39  40  41  42  43  44  45  46  47  48  49  50  51  52  53  54  55  56  57  58  59  60  

b: 

my action count is now 364
